K:  3   L:  10  classical
EPOCHS: 100%|██████████| 2500/2500 [05:10<00:00,  8.06it/s]
EPOCHS: 100%|██████████| 2500/2500 [05:12<00:00,  8.01it/s]
EPOCHS: 100%|██████████| 2500/2500 [05:26<00:00,  7.65it/s]
 loss:  [10.045279502868652, 6.336819171905518, 5.405241012573242]
 val:  [11.260788917541504, 6.235257148742676, 5.239004611968994]

